{
 "cells": [
  {
   "cell_type": "code",
   "execution_count": 1,
   "metadata": {},
   "outputs": [],
   "source": [
    "EDGE_WEIGHT = 30"
   ]
  },
  {
   "cell_type": "code",
   "execution_count": 2,
   "metadata": {},
   "outputs": [
    {
     "name": "stderr",
     "output_type": "stream",
     "text": [
      "/Users/f_takata/dev/vdslab-project/hyperparameter-in-graph-drawing/.venv/lib/python3.11/site-packages/tqdm/auto.py:21: TqdmWarning: IProgress not found. Please update jupyter and ipywidgets. See https://ipywidgets.readthedocs.io/en/stable/user_install.html\n",
      "  from .autonotebook import tqdm as notebook_tqdm\n"
     ]
    }
   ],
   "source": [
    "# Standard Library\n",
    "import argparse\n",
    "from statistics import median\n",
    "import json\n",
    "\n",
    "# Third Party Library\n",
    "import optuna\n",
    "import pandas as pd\n",
    "from egraph import Drawing, all_sources_bfs\n",
    "from ex_utils.config.dataset import dataset_names\n",
    "from ex_utils.config.paths import get_dataset_path\n",
    "from ex_utils.config.quality_metrics import qm_names\n",
    "from ex_utils.share import (\n",
    "    draw_and_measure,\n",
    "    ex_path,\n",
    "    generate_seed_median_df,\n",
    "    generate_sscalers,\n",
    "    pivots2rate,\n",
    ")\n",
    "from ex_utils.utils.graph import (\n",
    "    egraph_graph,\n",
    "    load_nx_graph,\n",
    "    nx_graph_preprocessing,\n",
    ")"
   ]
  },
  {
   "cell_type": "code",
   "execution_count": 3,
   "metadata": {},
   "outputs": [],
   "source": [
    "with open(ex_path.joinpath(\"data/random.json\")) as f:\n",
    "    random_data = json.load(f)"
   ]
  },
  {
   "cell_type": "code",
   "execution_count": 4,
   "metadata": {},
   "outputs": [
    {
     "name": "stdout",
     "output_type": "stream",
     "text": [
      "{'angular_resolution': 0.07005193856395217, 'aspect_ratio': 0.048683671444146585, 'crossing_angle': 0.02259706452600273, 'crossing_number': 0.0778221706908293, 'gabriel_graph_property': 0.043494554380670986, 'ideal_edge_length': 0.1296386455302672, 'neighborhood_preservation': 0.0428713607961284, 'node_resolution': 0.24723874592393258, 'stress': 0.09198066416663564, 'time_complexity': 0.2256211839774344}\n",
      "{'angular_resolution': 0.210120511010825, 'aspect_ratio': 0.0318498334264708, 'crossing_angle': 0.07500762307765559, 'crossing_number': 0.1178732812942978, 'gabriel_graph_property': 0.007920478812051391, 'ideal_edge_length': 0.1450618816549619, 'neighborhood_preservation': 0.1767546141989604, 'node_resolution': 0.054046556013498614, 'stress': 0.1508674723033216, 'time_complexity': 0.030497748207956872}\n",
      "{'angular_resolution': 0.18334969631524767, 'aspect_ratio': 0.07113049004723765, 'crossing_angle': 0.04144779948756015, 'crossing_number': 0.12259203208280932, 'gabriel_graph_property': 0.11183450377953759, 'ideal_edge_length': 0.056057431510400116, 'neighborhood_preservation': 0.11561229244639858, 'node_resolution': 0.0926062662309552, 'stress': 0.06415071941430289, 'time_complexity': 0.1412187686855509}\n",
      "{'angular_resolution': 0.10515074476023813, 'aspect_ratio': 0.11163871033733795, 'crossing_angle': 0.02995059828058923, 'crossing_number': 0.187492271054408, 'gabriel_graph_property': 0.07509091165260313, 'ideal_edge_length': 0.15945239594868924, 'neighborhood_preservation': 0.03532822823775353, 'node_resolution': 0.14389210126301222, 'stress': 0.014997081963654419, 'time_complexity': 0.1370069565017142}\n",
      "{'angular_resolution': 0.10350180407756746, 'aspect_ratio': 0.1733638327607814, 'crossing_angle': 0.02068271091429058, 'crossing_number': 0.184038024016788, 'gabriel_graph_property': 0.002670888274094492, 'ideal_edge_length': 0.16018042194904017, 'neighborhood_preservation': 0.02222980592769799, 'node_resolution': 0.023860859907048244, 'stress': 0.20792970358624904, 'time_complexity': 0.10154194858644269}\n",
      "{'angular_resolution': 0.0076175699767834105, 'aspect_ratio': 0.21218383615600428, 'crossing_angle': 0.11673482719902173, 'crossing_number': 0.052545266743323334, 'gabriel_graph_property': 0.020682620024851963, 'ideal_edge_length': 0.1063000130121674, 'neighborhood_preservation': 0.15851229702586428, 'node_resolution': 0.08448826184974062, 'stress': 0.0796509166522845, 'time_complexity': 0.16128439135995856}\n",
      "{'angular_resolution': 0.17388930182050238, 'aspect_ratio': 0.0309396916949343, 'crossing_angle': 0.13540149163974158, 'crossing_number': 0.019869384853774683, 'gabriel_graph_property': 0.11178931796400883, 'ideal_edge_length': 0.0973780732064407, 'neighborhood_preservation': 0.13147588987646316, 'node_resolution': 0.08263008846649038, 'stress': 0.11969782526448358, 'time_complexity': 0.09692893521316037}\n",
      "{'angular_resolution': 0.09098594594497648, 'aspect_ratio': 0.06732654813180323, 'crossing_angle': 0.1289742400259156, 'crossing_number': 0.12797106130687388, 'gabriel_graph_property': 0.0819173795759308, 'ideal_edge_length': 0.03069029867280769, 'neighborhood_preservation': 0.14311448671024526, 'node_resolution': 0.14177446085277545, 'stress': 0.050465216640741856, 'time_complexity': 0.13678036213792963}\n",
      "{'angular_resolution': 0.04276741075667561, 'aspect_ratio': 0.15252311741508345, 'crossing_angle': 0.16170953550809944, 'crossing_number': 0.05246505164592703, 'gabriel_graph_property': 0.1344813038651032, 'ideal_edge_length': 0.11360773967449099, 'neighborhood_preservation': 0.034477603095263605, 'node_resolution': 0.05732877202142858, 'stress': 0.08434156234947007, 'time_complexity': 0.1662979036684581}\n",
      "{'angular_resolution': 0.16214641747258846, 'aspect_ratio': 0.01988917620732265, 'crossing_angle': 0.03439164122442762, 'crossing_number': 0.042603796922569666, 'gabriel_graph_property': 0.0238071136333025, 'ideal_edge_length': 0.2280026002359324, 'neighborhood_preservation': 0.0029987098464994166, 'node_resolution': 0.1530995137204994, 'stress': 0.12246263718830952, 'time_complexity': 0.2105983935485482}\n",
      "{'angular_resolution': 0.24822372104140808, 'aspect_ratio': 0.07574197482008314, 'crossing_angle': 0.011315356185673165, 'crossing_number': 0.02155756194776045, 'gabriel_graph_property': 0.13154270668551907, 'ideal_edge_length': 0.16743311305104827, 'neighborhood_preservation': 0.11443113829561426, 'node_resolution': 0.00994445492663626, 'stress': 0.037172882670316265, 'time_complexity': 0.18263709037594128}\n",
      "{'angular_resolution': 0.20395239525603887, 'aspect_ratio': 0.09975425922897516, 'crossing_angle': 0.03552653453973433, 'crossing_number': 0.18099798552412352, 'gabriel_graph_property': 0.16008604455682104, 'ideal_edge_length': 0.0016694106200792016, 'neighborhood_preservation': 0.07412373018613774, 'node_resolution': 0.0476065873212178, 'stress': 0.05611231523259032, 'time_complexity': 0.14017073753428214}\n",
      "{'angular_resolution': 0.2034825092791456, 'aspect_ratio': 0.02435793221828286, 'crossing_angle': 0.051070357585151736, 'crossing_number': 0.07786103300956426, 'gabriel_graph_property': 0.08443502604942575, 'ideal_edge_length': 0.10018381000249636, 'neighborhood_preservation': 0.05473372907049623, 'node_resolution': 0.09495242906106006, 'stress': 0.2148780245842626, 'time_complexity': 0.09404514914011448}\n",
      "{'angular_resolution': 0.03523550165245218, 'aspect_ratio': 0.19086850882878403, 'crossing_angle': 0.06646355115619465, 'crossing_number': 0.1852954815854799, 'gabriel_graph_property': 0.05048524082968985, 'ideal_edge_length': 0.08456897232061615, 'neighborhood_preservation': 0.0494780576015522, 'node_resolution': 0.18731123612066564, 'stress': 0.039658567142498824, 'time_complexity': 0.11063488276206651}\n",
      "{'angular_resolution': 0.03641875031207295, 'aspect_ratio': 0.191972988420253, 'crossing_angle': 0.0228598084042298, 'crossing_number': 0.19552110181082472, 'gabriel_graph_property': 0.021458193552072867, 'ideal_edge_length': 0.24324039138288384, 'neighborhood_preservation': 0.017423898974763926, 'node_resolution': 0.08773387504602785, 'stress': 0.06982081746912895, 'time_complexity': 0.11355017462774213}\n",
      "{'angular_resolution': 0.1558792333636115, 'aspect_ratio': 0.08121817340687637, 'crossing_angle': 0.0913285170809205, 'crossing_number': 0.1269468458535029, 'gabriel_graph_property': 0.1195900329126455, 'ideal_edge_length': 0.18019838943963296, 'neighborhood_preservation': 0.10477085587631373, 'node_resolution': 0.06316547433374287, 'stress': 0.041109977635622, 'time_complexity': 0.03579250009713167}\n",
      "{'angular_resolution': 0.040312629104295124, 'aspect_ratio': 0.12238576506005257, 'crossing_angle': 0.19804782579177968, 'crossing_number': 0.17260183020231573, 'gabriel_graph_property': 0.01732504646029154, 'ideal_edge_length': 0.02930432890060049, 'neighborhood_preservation': 0.06777292157119631, 'node_resolution': 0.09990186454025385, 'stress': 0.20771383665405654, 'time_complexity': 0.0446339517151581}\n",
      "{'angular_resolution': 0.05537175831203457, 'aspect_ratio': 0.13207026883353312, 'crossing_angle': 0.15754046195477994, 'crossing_number': 0.08813531724841943, 'gabriel_graph_property': 0.050047468479819515, 'ideal_edge_length': 0.0991571877363933, 'neighborhood_preservation': 0.18232722299730295, 'node_resolution': 0.011150863748668858, 'stress': 0.16087554200842272, 'time_complexity': 0.06332390868062565}\n",
      "{'angular_resolution': 0.00830483154976054, 'aspect_ratio': 0.1750271167350168, 'crossing_angle': 0.12468540845048885, 'crossing_number': 0.029741016662234776, 'gabriel_graph_property': 0.07495456292628455, 'ideal_edge_length': 0.10410205197916828, 'neighborhood_preservation': 0.1622999389048778, 'node_resolution': 0.0690765271894981, 'stress': 0.15043010487686292, 'time_complexity': 0.10137844072580743}\n",
      "{'angular_resolution': 0.11611977264469393, 'aspect_ratio': 0.11040731072803399, 'crossing_angle': 0.17183025664985851, 'crossing_number': 0.11885590746818536, 'gabriel_graph_property': 0.12653637850402388, 'ideal_edge_length': 0.1594172410837867, 'neighborhood_preservation': 0.038843100131872935, 'node_resolution': 0.030365472282152584, 'stress': 0.03940235440474933, 'time_complexity': 0.08822220610264285}\n",
      "{'angular_resolution': 0.17277254747229226, 'aspect_ratio': 0.07381428533488421, 'crossing_angle': 0.16551188532953243, 'crossing_number': 0.16675984666823201, 'gabriel_graph_property': 0.02012000808902506, 'ideal_edge_length': 0.0011470240277411915, 'neighborhood_preservation': 0.15816781128987442, 'node_resolution': 0.025064984551189096, 'stress': 0.16011390674024456, 'time_complexity': 0.05652770049698495}\n",
      "{'angular_resolution': 0.10039372367851186, 'aspect_ratio': 0.12011353644764933, 'crossing_angle': 0.05874441308758911, 'crossing_number': 0.04791333840924219, 'gabriel_graph_property': 0.1165949757248711, 'ideal_edge_length': 0.09561629268256988, 'neighborhood_preservation': 0.07755739588600846, 'node_resolution': 0.20797391139539975, 'stress': 0.008758008629509602, 'time_complexity': 0.16633440405864883}\n",
      "{'angular_resolution': 0.20581740734862694, 'aspect_ratio': 0.10121154113558195, 'crossing_angle': 0.20663605922008033, 'crossing_number': 0.009196887933535155, 'gabriel_graph_property': 0.06517790139817443, 'ideal_edge_length': 0.03817541619807174, 'neighborhood_preservation': 0.07569719015861379, 'node_resolution': 0.04762655537545028, 'stress': 0.15981008107322048, 'time_complexity': 0.090650960158645}\n",
      "{'angular_resolution': 0.08616374801574904, 'aspect_ratio': 0.08106423255300924, 'crossing_angle': 0.05300714781140339, 'crossing_number': 0.15819752667643827, 'gabriel_graph_property': 0.0899012309432259, 'ideal_edge_length': 0.13477943521586758, 'neighborhood_preservation': 0.07343761009610578, 'node_resolution': 0.13168683020888539, 'stress': 0.18116866387489888, 'time_complexity': 0.010593574604416591}\n",
      "{'angular_resolution': 0.16116834107403716, 'aspect_ratio': 0.09574236286265918, 'crossing_angle': 0.0005377567585454039, 'crossing_number': 0.070172292110574, 'gabriel_graph_property': 0.18970645336108594, 'ideal_edge_length': 0.05097394857707462, 'neighborhood_preservation': 0.019538807906569363, 'node_resolution': 0.08798115499414039, 'stress': 0.15732937313092052, 'time_complexity': 0.1668495092243934}\n",
      "{'angular_resolution': 0.10806515702910229, 'aspect_ratio': 0.057871163622948994, 'crossing_angle': 0.0783732624016266, 'crossing_number': 0.1343897918361267, 'gabriel_graph_property': 0.12524137563191948, 'ideal_edge_length': 0.1338881013958522, 'neighborhood_preservation': 0.04863706492741143, 'node_resolution': 0.10533987369243339, 'stress': 0.1000404255197513, 'time_complexity': 0.10815378394282774}\n",
      "{'angular_resolution': 0.17605146493420132, 'aspect_ratio': 0.11176241331391312, 'crossing_angle': 0.10343499455945175, 'crossing_number': 0.06027774953479955, 'gabriel_graph_property': 0.02772912438836482, 'ideal_edge_length': 0.059850399881596954, 'neighborhood_preservation': 0.1270169016790658, 'node_resolution': 0.05159931861709243, 'stress': 0.08626554936915685, 'time_complexity': 0.19601208372235732}\n",
      "{'angular_resolution': 0.06705247045245971, 'aspect_ratio': 0.170898412615585, 'crossing_angle': 0.09642466945506263, 'crossing_number': 0.01242179620569979, 'gabriel_graph_property': 0.026498277133992033, 'ideal_edge_length': 0.018036533340839416, 'neighborhood_preservation': 0.1935397863126687, 'node_resolution': 0.04872232573048241, 'stress': 0.11119896595353077, 'time_complexity': 0.25520676279967963}\n",
      "{'angular_resolution': 0.1428086815088789, 'aspect_ratio': 0.02632598476984562, 'crossing_angle': 0.01626018651026534, 'crossing_number': 0.07655009609251345, 'gabriel_graph_property': 0.15157773658047946, 'ideal_edge_length': 0.223856570035582, 'neighborhood_preservation': 0.06475993497171133, 'node_resolution': 0.07539166406516813, 'stress': 0.1303249465783214, 'time_complexity': 0.09214419888723445}\n",
      "{'angular_resolution': 0.08890637867207998, 'aspect_ratio': 0.2353176169736443, 'crossing_angle': 0.16738514713519934, 'crossing_number': 0.22196144785632355, 'gabriel_graph_property': 0.027196980653664195, 'ideal_edge_length': 0.045838675495206406, 'neighborhood_preservation': 0.00039313790079676937, 'node_resolution': 0.037666888047609315, 'stress': 0.04042489702512655, 'time_complexity': 0.13490883024034978}\n",
      "{'angular_resolution': 0.09719369142375509, 'aspect_ratio': 0.08206813488447365, 'crossing_angle': 0.08023954464100258, 'crossing_number': 0.0986372924385011, 'gabriel_graph_property': 0.22222250620913475, 'ideal_edge_length': 0.04157315169566398, 'neighborhood_preservation': 0.06955625183886309, 'node_resolution': 0.16608782843274567, 'stress': 0.1219577616183752, 'time_complexity': 0.02046383681748468}\n",
      "{'angular_resolution': 0.10850887311223462, 'aspect_ratio': 0.14260044440082703, 'crossing_angle': 0.01205241923930053, 'crossing_number': 0.15255630060837008, 'gabriel_graph_property': 0.037422177268578, 'ideal_edge_length': 0.031004413596232325, 'neighborhood_preservation': 0.17078390379138456, 'node_resolution': 0.16784208731660383, 'stress': 0.13757826090045905, 'time_complexity': 0.039651119766010115}\n",
      "{'angular_resolution': 0.18226660991160218, 'aspect_ratio': 0.017695896659029455, 'crossing_angle': 0.1789261089199222, 'crossing_number': 0.024633599097248632, 'gabriel_graph_property': 0.1967109629298085, 'ideal_edge_length': 0.1284894630431724, 'neighborhood_preservation': 0.02247788954547612, 'node_resolution': 0.16634326071223832, 'stress': 0.05733802613520764, 'time_complexity': 0.025118183046294703}\n",
      "{'angular_resolution': 0.1418168342266564, 'aspect_ratio': 0.153082753017062, 'crossing_angle': 0.09584955546528946, 'crossing_number': 0.04540247112345027, 'gabriel_graph_property': 0.12681740235396738, 'ideal_edge_length': 0.03588248719723171, 'neighborhood_preservation': 0.13702122029211264, 'node_resolution': 0.05455427248074847, 'stress': 0.08377914978862569, 'time_complexity': 0.12579385405485605}\n",
      "{'angular_resolution': 0.12518959792311338, 'aspect_ratio': 0.14841142582573197, 'crossing_angle': 0.13157702730914894, 'crossing_number': 0.0630059232357097, 'gabriel_graph_property': 0.01665736435582558, 'ideal_edge_length': 0.08486022044232436, 'neighborhood_preservation': 0.10342985614968768, 'node_resolution': 0.13340116314639472, 'stress': 0.14867093342133084, 'time_complexity': 0.044796488190732765}\n",
      "{'angular_resolution': 0.08476854482969154, 'aspect_ratio': 0.14568868265169693, 'crossing_angle': 0.0913652610644839, 'crossing_number': 0.009557023492100908, 'gabriel_graph_property': 0.14362232025797633, 'ideal_edge_length': 0.1067929167611495, 'neighborhood_preservation': 0.12151781740257145, 'node_resolution': 0.15160746137939812, 'stress': 0.08070117794215212, 'time_complexity': 0.06437879421877912}\n",
      "{'angular_resolution': 0.01026147391162042, 'aspect_ratio': 0.12138156563392946, 'crossing_angle': 0.1306865732822141, 'crossing_number': 0.1650908547358894, 'gabriel_graph_property': 0.00112659782263319, 'ideal_edge_length': 0.13222882175160533, 'neighborhood_preservation': 0.07706562054827147, 'node_resolution': 0.12489337936209698, 'stress': 0.09474607838885726, 'time_complexity': 0.14251903456288234}\n",
      "{'angular_resolution': 0.16131859771473467, 'aspect_ratio': 0.023157591917966378, 'crossing_angle': 0.15833935314631856, 'crossing_number': 0.028810837416207994, 'gabriel_graph_property': 0.033886800149833946, 'ideal_edge_length': 0.17204101656730691, 'neighborhood_preservation': 0.12174839554615534, 'node_resolution': 0.1505209275234971, 'stress': 0.09335014471302085, 'time_complexity': 0.05682633530495828}\n",
      "{'angular_resolution': 0.012202770571458424, 'aspect_ratio': 0.11149827218114694, 'crossing_angle': 0.05263532253035469, 'crossing_number': 0.0015696084392560435, 'gabriel_graph_property': 0.12613419437080575, 'ideal_edge_length': 0.09701809666240138, 'neighborhood_preservation': 0.010604217924003038, 'node_resolution': 0.23561256000282918, 'stress': 0.1358412505507756, 'time_complexity': 0.21688370676696905}\n",
      "{'angular_resolution': 0.02148776781222742, 'aspect_ratio': 0.11980768546005131, 'crossing_angle': 0.17805088819832485, 'crossing_number': 0.027632723678437356, 'gabriel_graph_property': 0.08193868682704994, 'ideal_edge_length': 0.19907759268105601, 'neighborhood_preservation': 0.1956319386502784, 'node_resolution': 0.13868816271179069, 'stress': 0.011310889476147482, 'time_complexity': 0.026373664504636355}\n",
      "{'angular_resolution': 0.11170544473753635, 'aspect_ratio': 0.07338849436753547, 'crossing_angle': 0.044491259328747354, 'crossing_number': 0.056957231029449086, 'gabriel_graph_property': 0.024393623128825637, 'ideal_edge_length': 0.19010533872462132, 'neighborhood_preservation': 0.1203628839669963, 'node_resolution': 0.10039158727592096, 'stress': 0.04898012035111682, 'time_complexity': 0.22922401708925058}\n",
      "{'angular_resolution': 0.11071985123169678, 'aspect_ratio': 0.1389948999230738, 'crossing_angle': 0.06311286293087597, 'crossing_number': 0.10658065068923851, 'gabriel_graph_property': 0.1312725739435078, 'ideal_edge_length': 0.09266907085514725, 'neighborhood_preservation': 0.032141442692840055, 'node_resolution': 0.0856193309664965, 'stress': 0.09738643524148953, 'time_complexity': 0.14150288152563367}\n",
      "{'angular_resolution': 0.136018644081211, 'aspect_ratio': 0.16040776202821183, 'crossing_angle': 0.03914848638743423, 'crossing_number': 0.20004451310885105, 'gabriel_graph_property': 0.01391609343862536, 'ideal_edge_length': 0.06511022542180893, 'neighborhood_preservation': 0.1690053029583708, 'node_resolution': 0.020956598557020666, 'stress': 0.1294539506763179, 'time_complexity': 0.06593842334214826}\n",
      "{'angular_resolution': 0.04217573170901951, 'aspect_ratio': 0.13122828818918822, 'crossing_angle': 0.15422635273123655, 'crossing_number': 0.17386583155849786, 'gabriel_graph_property': 0.013297997992190122, 'ideal_edge_length': 0.11892579712080388, 'neighborhood_preservation': 0.04588669280483038, 'node_resolution': 0.13457442786215193, 'stress': 0.07667917925535285, 'time_complexity': 0.10913970077672872}\n",
      "{'angular_resolution': 0.13892165847195156, 'aspect_ratio': 0.04169678253497733, 'crossing_angle': 0.12336006044622931, 'crossing_number': 0.14815408279932196, 'gabriel_graph_property': 0.03716215631447278, 'ideal_edge_length': 0.19019111981861359, 'neighborhood_preservation': 0.02993531859181514, 'node_resolution': 0.06428307529748023, 'stress': 0.0818921238196525, 'time_complexity': 0.1444036219054856}\n",
      "{'angular_resolution': 0.10881939364951729, 'aspect_ratio': 0.1278167306103779, 'crossing_angle': 0.13355993512911035, 'crossing_number': 0.10869200239453304, 'gabriel_graph_property': 0.08498140210900003, 'ideal_edge_length': 0.07721420023522431, 'neighborhood_preservation': 0.058434534680057805, 'node_resolution': 0.10502146658307995, 'stress': 0.10179127412528241, 'time_complexity': 0.09366906048381685}\n",
      "{'angular_resolution': 0.019759213657382244, 'aspect_ratio': 0.008352342229924557, 'crossing_angle': 0.216032880774724, 'crossing_number': 0.12986147710356577, 'gabriel_graph_property': 0.18107437572408402, 'ideal_edge_length': 0.06863540402786693, 'neighborhood_preservation': 0.11302914277883547, 'node_resolution': 0.06879233396821159, 'stress': 0.04448307783131037, 'time_complexity': 0.14997975190409518}\n",
      "{'angular_resolution': 0.09016282088743884, 'aspect_ratio': 0.10942258285308595, 'crossing_angle': 0.091366637701667, 'crossing_number': 0.13074815250264196, 'gabriel_graph_property': 0.059482561941237085, 'ideal_edge_length': 0.10705180070024298, 'neighborhood_preservation': 0.09003182273635334, 'node_resolution': 0.11091829292875527, 'stress': 0.12879391429470305, 'time_complexity': 0.08202141345387463}\n",
      "{'angular_resolution': 0.04075002510310815, 'aspect_ratio': 0.043521161366855306, 'crossing_angle': 0.12094556806282551, 'crossing_number': 0.04701852915955585, 'gabriel_graph_property': 0.07644047413638759, 'ideal_edge_length': 0.020247622623651117, 'neighborhood_preservation': 0.1644598240041242, 'node_resolution': 0.15270490855111696, 'stress': 0.16933399873752947, 'time_complexity': 0.16457788825484582}\n",
      "{'angular_resolution': 0.07250325396663168, 'aspect_ratio': 0.15957264561894405, 'crossing_angle': 0.09539575269500902, 'crossing_number': 0.08390300894612175, 'gabriel_graph_property': 0.04371729111798308, 'ideal_edge_length': 0.16639056861665288, 'neighborhood_preservation': 0.18644357866179997, 'node_resolution': 0.13293776635781415, 'stress': 0.0572498515300463, 'time_complexity': 0.0018862824889971457}\n",
      "{'angular_resolution': 0.01779933969146608, 'aspect_ratio': 0.2149679829938226, 'crossing_angle': 0.21102529700078593, 'crossing_number': 0.009410238185063083, 'gabriel_graph_property': 0.01907736584584634, 'ideal_edge_length': 0.16572576656793186, 'neighborhood_preservation': 0.022166228467838542, 'node_resolution': 0.004956890773203119, 'stress': 0.1146343605380398, 'time_complexity': 0.22023652993600254}\n",
      "{'angular_resolution': 0.11782287551721597, 'aspect_ratio': 0.1257121950255763, 'crossing_angle': 0.1056598159633066, 'crossing_number': 0.028396931743107978, 'gabriel_graph_property': 0.00245768230022038, 'ideal_edge_length': 0.08269761201997222, 'neighborhood_preservation': 0.1107244822032595, 'node_resolution': 0.16302194374805482, 'stress': 0.19235317808438246, 'time_complexity': 0.07115328339490386}\n",
      "{'angular_resolution': 0.07019271824153422, 'aspect_ratio': 0.11508194149576276, 'crossing_angle': 0.10327498349274263, 'crossing_number': 0.007789861882777776, 'gabriel_graph_property': 0.12008236493026613, 'ideal_edge_length': 0.0775471924146837, 'neighborhood_preservation': 0.09459752792459714, 'node_resolution': 0.1342304352103059, 'stress': 0.12695685920747726, 'time_complexity': 0.1502461151998526}\n",
      "{'angular_resolution': 0.04732872498821555, 'aspect_ratio': 0.17696773213176104, 'crossing_angle': 0.023425544962161496, 'crossing_number': 0.09834521915263171, 'gabriel_graph_property': 0.07702000507710437, 'ideal_edge_length': 0.10444437430203989, 'neighborhood_preservation': 0.0835959011626598, 'node_resolution': 0.14005467154027984, 'stress': 0.1068046013465976, 'time_complexity': 0.14201322533654875}\n",
      "{'angular_resolution': 0.12736438766007088, 'aspect_ratio': 0.1288726584997416, 'crossing_angle': 0.11184995541299225, 'crossing_number': 0.06522040441855413, 'gabriel_graph_property': 0.07995972602105285, 'ideal_edge_length': 0.0802282038190521, 'neighborhood_preservation': 0.11892919800391075, 'node_resolution': 0.10346166731438171, 'stress': 0.1110672054135889, 'time_complexity': 0.07304659343665486}\n",
      "{'angular_resolution': 0.07928637943448817, 'aspect_ratio': 0.08396256385760124, 'crossing_angle': 0.058760055080239654, 'crossing_number': 0.1482791816417557, 'gabriel_graph_property': 0.040826973613644665, 'ideal_edge_length': 0.11542216603196807, 'neighborhood_preservation': 0.07247915600059558, 'node_resolution': 0.160848267025441, 'stress': 0.1724353788365235, 'time_complexity': 0.06769987847774248}\n",
      "{'angular_resolution': 0.06816689102334218, 'aspect_ratio': 0.20984517830909907, 'crossing_angle': 0.0006164833807067415, 'crossing_number': 0.0928683988669952, 'gabriel_graph_property': 0.13194270371375025, 'ideal_edge_length': 0.035757780897501215, 'neighborhood_preservation': 0.07719844227740963, 'node_resolution': 0.1302141635330581, 'stress': 0.1800577083031431, 'time_complexity': 0.07333224969499447}\n",
      "{'angular_resolution': 0.1863873218897707, 'aspect_ratio': 0.019254499291191867, 'crossing_angle': 0.06390620038825146, 'crossing_number': 0.05379479995478122, 'gabriel_graph_property': 0.16187691830354176, 'ideal_edge_length': 0.160825519047368, 'neighborhood_preservation': 0.12196836923141867, 'node_resolution': 0.016860026578024673, 'stress': 0.13429646798740438, 'time_complexity': 0.08082987732824741}\n",
      "{'angular_resolution': 0.10231192313711954, 'aspect_ratio': 0.08653093135779738, 'crossing_angle': 0.2034542250164079, 'crossing_number': 0.07582684793203964, 'gabriel_graph_property': 0.10538258198994072, 'ideal_edge_length': 0.03367204039085687, 'neighborhood_preservation': 0.07491246933859894, 'node_resolution': 0.12555920692918165, 'stress': 0.18680194747531262, 'time_complexity': 0.005547826432744666}\n",
      "{'angular_resolution': 0.08445377987751773, 'aspect_ratio': 0.12253759985119443, 'crossing_angle': 0.08703469126648374, 'crossing_number': 0.18827706433150568, 'gabriel_graph_property': 0.04122034680866623, 'ideal_edge_length': 0.002951582403854606, 'neighborhood_preservation': 0.05678219033781262, 'node_resolution': 0.17171271204119432, 'stress': 0.14897014453207438, 'time_complexity': 0.09605988854969624}\n",
      "{'angular_resolution': 0.21080855860078423, 'aspect_ratio': 0.10196707795346724, 'crossing_angle': 0.10299839764423323, 'crossing_number': 0.01405235838532681, 'gabriel_graph_property': 0.11806221561843125, 'ideal_edge_length': 0.18718349153323088, 'neighborhood_preservation': 0.21579773031559987, 'node_resolution': 0.011515761441524606, 'stress': 0.030040425763825616, 'time_complexity': 0.007573982743576105}\n",
      "{'angular_resolution': 0.03759718790713652, 'aspect_ratio': 0.09183824401022445, 'crossing_angle': 0.1486089178350571, 'crossing_number': 0.026500117272491436, 'gabriel_graph_property': 0.00795493353163733, 'ideal_edge_length': 0.11177633109770752, 'neighborhood_preservation': 0.14448507087828016, 'node_resolution': 0.16083330288225464, 'stress': 0.12308673517909981, 'time_complexity': 0.1473191594061109}\n",
      "{'angular_resolution': 0.08042343405506512, 'aspect_ratio': 0.06685443419213705, 'crossing_angle': 0.10910493175748637, 'crossing_number': 0.06300480059228145, 'gabriel_graph_property': 0.11679463075407023, 'ideal_edge_length': 0.11915984464058371, 'neighborhood_preservation': 0.139076595747542, 'node_resolution': 0.15926844867344675, 'stress': 0.0875929566982498, 'time_complexity': 0.05871992288913734}\n",
      "{'angular_resolution': 0.10454232368558955, 'aspect_ratio': 0.06338904563105532, 'crossing_angle': 0.08001006155088726, 'crossing_number': 0.1476772148225322, 'gabriel_graph_property': 0.18334975181960544, 'ideal_edge_length': 0.039507225696865975, 'neighborhood_preservation': 0.10331368709544397, 'node_resolution': 0.14069514661708, 'stress': 0.11830185120723907, 'time_complexity': 0.019213691873701255}\n",
      "{'angular_resolution': 0.04772933673631039, 'aspect_ratio': 0.01574024417080584, 'crossing_angle': 0.05991412865337536, 'crossing_number': 0.00048530705790800406, 'gabriel_graph_property': 0.1518121722270443, 'ideal_edge_length': 0.051283459163385295, 'neighborhood_preservation': 0.15347793668495965, 'node_resolution': 0.2193857471555899, 'stress': 0.2202641220119781, 'time_complexity': 0.07990754613864313}\n",
      "{'angular_resolution': 0.10990165735816844, 'aspect_ratio': 0.10163614978158159, 'crossing_angle': 0.0726385999895877, 'crossing_number': 0.10452325227120228, 'gabriel_graph_property': 0.1312375705466594, 'ideal_edge_length': 0.16907080898495774, 'neighborhood_preservation': 0.04862228246798172, 'node_resolution': 0.03299957898198233, 'stress': 0.1269793395244811, 'time_complexity': 0.1023907600933978}\n",
      "{'angular_resolution': 0.15038107087738461, 'aspect_ratio': 0.1873760152635305, 'crossing_angle': 0.11845693894320745, 'crossing_number': 0.10411514494911604, 'gabriel_graph_property': 0.042188587588677225, 'ideal_edge_length': 0.050083567306216124, 'neighborhood_preservation': 0.15587769426293893, 'node_resolution': 0.03152597464975213, 'stress': 0.001901982562161365, 'time_complexity': 0.15809302359701574}\n",
      "{'angular_resolution': 0.15548186028925232, 'aspect_ratio': 0.09627432628407485, 'crossing_angle': 0.13359235743454345, 'crossing_number': 0.02226393805612698, 'gabriel_graph_property': 0.026070799196215792, 'ideal_edge_length': 0.15153231917384247, 'neighborhood_preservation': 0.1532068585658873, 'node_resolution': 0.08691866186315952, 'stress': 0.15177305531925125, 'time_complexity': 0.02288582381764606}\n",
      "{'angular_resolution': 0.09094926885496074, 'aspect_ratio': 0.043348431804990185, 'crossing_angle': 0.1781750046326115, 'crossing_number': 0.16693993990710365, 'gabriel_graph_property': 0.005012635209086335, 'ideal_edge_length': 0.1521412448776279, 'neighborhood_preservation': 0.10101832809373049, 'node_resolution': 0.14420465735388477, 'stress': 0.02320273390868937, 'time_complexity': 0.09500775535731505}\n",
      "{'angular_resolution': 0.17666129859083102, 'aspect_ratio': 0.06838016442574978, 'crossing_angle': 0.15753060862670687, 'crossing_number': 0.06600022861476261, 'gabriel_graph_property': 0.09797728680125702, 'ideal_edge_length': 0.08887300311871675, 'neighborhood_preservation': 0.14244381580235693, 'node_resolution': 0.022679848119689976, 'stress': 0.17254473859836314, 'time_complexity': 0.00690900730156588}\n",
      "{'angular_resolution': 0.029038715706369577, 'aspect_ratio': 0.04614653495422572, 'crossing_angle': 0.04913227170396308, 'crossing_number': 0.057327830202508576, 'gabriel_graph_property': 0.15335010143731986, 'ideal_edge_length': 0.2018769817703606, 'neighborhood_preservation': 0.16793820980317475, 'node_resolution': 0.016946245422376726, 'stress': 0.0898958198594957, 'time_complexity': 0.18834728914020535}\n",
      "{'angular_resolution': 0.0775733563810936, 'aspect_ratio': 0.055379594871773574, 'crossing_angle': 0.04826896696533511, 'crossing_number': 0.057420270327455364, 'gabriel_graph_property': 0.21943986986159728, 'ideal_edge_length': 0.2128551986834871, 'neighborhood_preservation': 0.031044296528483093, 'node_resolution': 0.03864357378571293, 'stress': 0.06346023269584605, 'time_complexity': 0.19591463989921604}\n",
      "{'angular_resolution': 0.0982107556797663, 'aspect_ratio': 0.021203516173397868, 'crossing_angle': 0.13259295267548715, 'crossing_number': 0.12035011594533218, 'gabriel_graph_property': 0.10636039023402293, 'ideal_edge_length': 0.1467367933469985, 'neighborhood_preservation': 0.09661714314838761, 'node_resolution': 0.06525111028613864, 'stress': 0.06198407153198287, 'time_complexity': 0.1506931509784861}\n",
      "{'angular_resolution': 0.1390061522548289, 'aspect_ratio': 0.20118507773214706, 'crossing_angle': 0.11926664873167304, 'crossing_number': 0.009493608660973537, 'gabriel_graph_property': 0.15205309676750697, 'ideal_edge_length': 0.0010029731404070975, 'neighborhood_preservation': 0.056594437582023815, 'node_resolution': 0.0025539618407717716, 'stress': 0.16296693936647347, 'time_complexity': 0.15587710392319445}\n",
      "{'angular_resolution': 0.05861497280136675, 'aspect_ratio': 0.12706777107752062, 'crossing_angle': 0.17651097794504378, 'crossing_number': 0.13441338052167925, 'gabriel_graph_property': 0.06839692324873986, 'ideal_edge_length': 0.010028345269983687, 'neighborhood_preservation': 0.12849186730502318, 'node_resolution': 0.09436542265717734, 'stress': 0.05574149355135817, 'time_complexity': 0.14636884562210753}\n",
      "{'angular_resolution': 0.08596368225155844, 'aspect_ratio': 0.050218373588419296, 'crossing_angle': 0.1796317553022539, 'crossing_number': 0.08664806081280346, 'gabriel_graph_property': 0.027043575903566756, 'ideal_edge_length': 0.12143164006716135, 'neighborhood_preservation': 0.11145128804137107, 'node_resolution': 0.07674388346526219, 'stress': 0.1516826733185526, 'time_complexity': 0.10918506724905103}\n",
      "{'angular_resolution': 0.07416323696361124, 'aspect_ratio': 0.09018081832188717, 'crossing_angle': 0.13357158658719753, 'crossing_number': 0.13874343267709457, 'gabriel_graph_property': 0.12393895064346297, 'ideal_edge_length': 0.11461499836338356, 'neighborhood_preservation': 0.1415168271451014, 'node_resolution': 0.07943206148584499, 'stress': 0.005179837282527467, 'time_complexity': 0.09865825052988918}\n",
      "{'angular_resolution': 0.0944601367016149, 'aspect_ratio': 0.13598391980409297, 'crossing_angle': 0.08263240508669711, 'crossing_number': 0.028118439592400832, 'gabriel_graph_property': 0.16123473756185436, 'ideal_edge_length': 0.04861077813759685, 'neighborhood_preservation': 0.019260741579704765, 'node_resolution': 0.14031858912360062, 'stress': 0.17086098946535883, 'time_complexity': 0.1185192629470787}\n",
      "{'angular_resolution': 0.07069456944225355, 'aspect_ratio': 0.1184308441965244, 'crossing_angle': 0.18724840571384094, 'crossing_number': 0.12050632703137597, 'gabriel_graph_property': 0.025089070248960572, 'ideal_edge_length': 0.10083763363490489, 'neighborhood_preservation': 0.051221979788750344, 'node_resolution': 0.17814250142731414, 'stress': 0.13911586779576432, 'time_complexity': 0.008712800720310974}\n",
      "{'angular_resolution': 0.05629736229456229, 'aspect_ratio': 0.058011476876919925, 'crossing_angle': 0.023213256814143286, 'crossing_number': 0.0205405040064515, 'gabriel_graph_property': 0.07959272682073726, 'ideal_edge_length': 0.2610419923280885, 'neighborhood_preservation': 0.1395022151563246, 'node_resolution': 0.18885302220850717, 'stress': 0.168105367282631, 'time_complexity': 0.004842076211634465}\n",
      "{'angular_resolution': 0.08589782310375277, 'aspect_ratio': 0.11161683660405043, 'crossing_angle': 0.0544217826086405, 'crossing_number': 0.07720976250202168, 'gabriel_graph_property': 0.06126191042051554, 'ideal_edge_length': 0.046320399100753105, 'neighborhood_preservation': 0.18213767663996103, 'node_resolution': 0.18453087778088997, 'stress': 0.179511952075343, 'time_complexity': 0.01709097916407198}\n",
      "{'angular_resolution': 0.09294278145794696, 'aspect_ratio': 0.08110955604485423, 'crossing_angle': 0.004121839161606714, 'crossing_number': 0.03257125987390279, 'gabriel_graph_property': 0.17039311682581282, 'ideal_edge_length': 0.07668591469765206, 'neighborhood_preservation': 0.22936619214149626, 'node_resolution': 0.10302855666423603, 'stress': 0.012642044309010987, 'time_complexity': 0.1971387388234812}\n",
      "{'angular_resolution': 0.1297577030618122, 'aspect_ratio': 0.03385840555650717, 'crossing_angle': 0.015387827381241127, 'crossing_number': 0.2279089907568576, 'gabriel_graph_property': 0.0558644361912495, 'ideal_edge_length': 0.04523733546619555, 'neighborhood_preservation': 0.10037820610633422, 'node_resolution': 0.21624142524467854, 'stress': 0.025673762652028243, 'time_complexity': 0.14969190758309597}\n",
      "{'angular_resolution': 0.11325980390805446, 'aspect_ratio': 0.134358417232347, 'crossing_angle': 0.03909964270195252, 'crossing_number': 0.025007262849167003, 'gabriel_graph_property': 0.11592066378639657, 'ideal_edge_length': 0.10853369925911867, 'neighborhood_preservation': 0.18091190080573802, 'node_resolution': 0.0448933279702175, 'stress': 0.1881714881536935, 'time_complexity': 0.04984379333331471}\n",
      "{'angular_resolution': 0.01798955685176453, 'aspect_ratio': 0.14896587954114604, 'crossing_angle': 0.18113195172555374, 'crossing_number': 0.17081417545916325, 'gabriel_graph_property': 0.07819580195839092, 'ideal_edge_length': 0.011202629364982713, 'neighborhood_preservation': 0.08841152360093629, 'node_resolution': 0.08909869694163615, 'stress': 0.13751370967175922, 'time_complexity': 0.07667607488466713}\n",
      "{'angular_resolution': 0.18711307484563988, 'aspect_ratio': 0.15191012223549574, 'crossing_angle': 0.025063004581643875, 'crossing_number': 0.06380742958765849, 'gabriel_graph_property': 0.1712698478048132, 'ideal_edge_length': 0.03407316734082358, 'neighborhood_preservation': 0.03988299336785753, 'node_resolution': 0.05123382509665679, 'stress': 0.11262806162923439, 'time_complexity': 0.16301847351017668}\n",
      "{'angular_resolution': 0.0002720332101990959, 'aspect_ratio': 0.06158300508781875, 'crossing_angle': 0.08495441696149926, 'crossing_number': 0.1811294008359143, 'gabriel_graph_property': 0.08095410660359922, 'ideal_edge_length': 0.19374368607674272, 'neighborhood_preservation': 0.09335103918264157, 'node_resolution': 0.032859887824245274, 'stress': 0.09385883495261656, 'time_complexity': 0.17729358926472316}\n",
      "{'angular_resolution': 0.09179235036850619, 'aspect_ratio': 0.005236897229049838, 'crossing_angle': 0.144322206458026, 'crossing_number': 0.03790595802080123, 'gabriel_graph_property': 0.23724514135739716, 'ideal_edge_length': 0.09812679416658703, 'neighborhood_preservation': 0.15952179726138016, 'node_resolution': 0.027853963901385347, 'stress': 0.10039984288630033, 'time_complexity': 0.09759504835056686}\n",
      "{'angular_resolution': 0.05271115798662615, 'aspect_ratio': 0.07430248142583927, 'crossing_angle': 0.040979738457680374, 'crossing_number': 0.15995282804735766, 'gabriel_graph_property': 0.15840730062536967, 'ideal_edge_length': 0.16327662420907527, 'neighborhood_preservation': 0.1581408849156302, 'node_resolution': 0.005700567074249366, 'stress': 0.02535894711446747, 'time_complexity': 0.1611694701437046}\n",
      "{'angular_resolution': 0.029523123337956994, 'aspect_ratio': 0.057541062935737936, 'crossing_angle': 0.21383535012170143, 'crossing_number': 0.22016684481169588, 'gabriel_graph_property': 0.04872988303849509, 'ideal_edge_length': 0.23926836062498663, 'neighborhood_preservation': 0.013714026256194937, 'node_resolution': 0.09839874721858226, 'stress': 0.05463421933809946, 'time_complexity': 0.02418838231654951}\n",
