[
  [
    0.07005193856395217,
    0.048683671444146585,
    0.02259706452600273,
    0.0778221706908293,
    0.043494554380670986,
    0.1296386455302672,
    0.0428713607961284,
    0.24723874592393258,
    0.09198066416663564,
    0.2256211839774344
  ],
  [
    0.21012051101082505,
    0.031849833426470804,
    0.0750076230776556,
    0.11787328129429783,
    0.007920478812051393,
    0.14506188165496192,
    0.17675461419896044,
    0.05404655601349863,
    0.15086747230332162,
    0.03049774820795688
  ],
  [
    0.18334969631524764,
    0.07113049004723764,
    0.041447799487560145,
    0.1225920320828093,
    0.11183450377953758,
    0.05605743151040011,
    0.11561229244639856,
    0.09260626623095519,
    0.06415071941430288,
    0.14121876868555086
  ],
  [
    0.1051507447602381,
    0.11163871033733792,
    0.029950598280589224,
    0.18749227105440797,
    0.07509091165260312,
    0.1594523959486892,
    0.03532822823775352,
    0.1438921012630122,
    0.014997081963654416,
    0.13700695650171418
  ],
  [
    0.10350180407756744,
    0.17336383276078138,
    0.020682710914290577,
    0.18403802401678798,
    0.0026708882740944916,
    0.16018042194904014,
    0.022229805927697986,
    0.02386085990704824,
    0.20792970358624902,
    0.10154194858644268
  ],
  [
    0.00761756997678341,
    0.21218383615600425,
    0.11673482719902172,
    0.05254526674332333,
    0.02068262002485196,
    0.10630001301216739,
    0.15851229702586425,
    0.0844882618497406,
    0.07965091665228449,
    0.16128439135995853
  ],
  [
    0.17388930182050238,
    0.0309396916949343,
    0.13540149163974158,
    0.019869384853774683,
    0.11178931796400883,
    0.0973780732064407,
    0.13147588987646316,
    0.08263008846649038,
    0.11969782526448358,
    0.09692893521316037
  ],
  [
    0.09098594594497648,
    0.06732654813180323,
    0.1289742400259156,
    0.12797106130687388,
    0.0819173795759308,
    0.03069029867280769,
    0.14311448671024526,
    0.14177446085277545,
    0.050465216640741856,
    0.13678036213792963
  ],
  [
    0.04276741075667561,
    0.15252311741508345,
    0.16170953550809944,
    0.05246505164592703,
    0.1344813038651032,
    0.11360773967449099,
    0.034477603095263605,
    0.05732877202142858,
    0.08434156234947007,
    0.1662979036684581
  ],
  [
    0.16214641747258846,
    0.01988917620732265,
    0.03439164122442762,
    0.042603796922569666,
    0.0238071136333025,
    0.2280026002359324,
    0.0029987098464994166,
    0.1530995137204994,
    0.12246263718830952,
    0.2105983935485482
  ],
  [
    0.24822372104140805,
    0.07574197482008313,
    0.011315356185673163,
    0.021557561947760446,
    0.13154270668551904,
    0.16743311305104824,
    0.11443113829561424,
    0.009944454926636257,
    0.03717288267031626,
    0.18263709037594125
  ],
  [
    0.20395239525603884,
    0.09975425922897514,
    0.035526534539734325,
    0.1809979855241235,
    0.16008604455682102,
    0.0016694106200792014,
    0.07412373018613773,
    0.047606587321217794,
    0.05611231523259031,
    0.1401707375342821
  ],
  [
    0.2034825092791456,
    0.02435793221828286,
    0.051070357585151736,
    0.07786103300956426,
    0.08443502604942575,
    0.10018381000249636,
    0.05473372907049623,
    0.09495242906106006,
    0.2148780245842626,
    0.09404514914011448
  ],
  [
    0.03523550165245218,
    0.19086850882878403,
    0.06646355115619465,
    0.1852954815854799,
    0.05048524082968985,
    0.08456897232061615,
    0.0494780576015522,
    0.18731123612066564,
    0.039658567142498824,
    0.11063488276206651
  ],
  [
    0.03641875031207295,
    0.191972988420253,
    0.0228598084042298,
    0.19552110181082472,
    0.021458193552072867,
    0.24324039138288384,
    0.017423898974763926,
    0.08773387504602785,
    0.06982081746912895,
    0.11355017462774213
  ],
  [
    0.1558792333636115,
    0.08121817340687637,
    0.0913285170809205,
    0.1269468458535029,
    0.1195900329126455,
    0.18019838943963296,
    0.10477085587631373,
    0.06316547433374287,
    0.041109977635622,
    0.03579250009713167
  ],
  [
    0.04031262910429513,
    0.1223857650600526,
    0.19804782579177974,
    0.17260183020231576,
    0.017325046460291545,
    0.029304328900600498,
    0.06777292157119633,
    0.09990186454025388,
    0.2077138366540566,
    0.044633951715158104
  ],
  [
    0.055371758312034586,
    0.13207026883353315,
    0.15754046195477997,
    0.08813531724841944,
    0.05004746847981953,
    0.09915718773639333,
    0.18232722299730297,
    0.01115086374866886,
    0.16087554200842274,
    0.06332390868062567
  ],
  [
    0.008304831549760538,
    0.17502711673501678,
    0.12468540845048882,
    0.02974101666223477,
    0.07495456292628454,
    0.10410205197916825,
    0.16229993890487776,
    0.06907652718949808,
    0.1504301048768629,
    0.1013784407258074
  ],
  [
    0.11611977264469393,
    0.11040731072803399,
    0.17183025664985851,
    0.11885590746818536,
    0.12653637850402388,
    0.1594172410837867,
    0.038843100131872935,
    0.030365472282152584,
    0.03940235440474933,
    0.08822220610264285
  ],
  [
    0.17277254747229226,
    0.07381428533488421,
    0.16551188532953243,
    0.16675984666823201,
    0.02012000808902506,
    0.0011470240277411915,
    0.15816781128987442,
    0.025064984551189096,
    0.16011390674024456,
    0.05652770049698495
  ],
  [
    0.10039372367851186,
    0.12011353644764933,
    0.05874441308758911,
    0.04791333840924219,
    0.1165949757248711,
    0.09561629268256988,
    0.07755739588600846,
    0.20797391139539975,
    0.008758008629509602,
    0.16633440405864883
  ],
  [
    0.20581740734862689,
    0.10121154113558192,
    0.20663605922008027,
    0.009196887933535153,
    0.06517790139817442,
    0.038175416198071736,
    0.07569719015861377,
    0.04762655537545027,
    0.15981008107322045,
    0.09065096015864499
  ],
  [
    0.08616374801574903,
    0.08106423255300922,
    0.053007147811403386,
    0.15819752667643824,
    0.08990123094322588,
    0.13477943521586755,
    0.07343761009610576,
    0.13168683020888536,
    0.18116866387489886,
    0.01059357460441659
  ],
  [
    0.16116834107403716,
    0.09574236286265918,
    0.0005377567585454039,
    0.070172292110574,
    0.18970645336108594,
    0.05097394857707462,
    0.019538807906569363,
    0.08798115499414039,
    0.15732937313092052,
    0.1668495092243934
  ],
  [
    0.10806515702910229,
    0.057871163622948994,
    0.0783732624016266,
    0.1343897918361267,
    0.12524137563191948,
    0.1338881013958522,
    0.04863706492741143,
    0.10533987369243339,
    0.1000404255197513,
    0.10815378394282774
  ],
  [
    0.17605146493420135,
    0.11176241331391315,
    0.10343499455945178,
    0.060277749534799564,
    0.027729124388364827,
    0.05985039988159697,
    0.12701690167906582,
    0.051599318617092445,
    0.08626554936915687,
    0.19601208372235737
  ],
  [
    0.0670524704524597,
    0.17089841261558497,
    0.09642466945506262,
    0.012421796205699788,
    0.02649827713399203,
    0.018036533340839413,
    0.19353978631266866,
    0.0487223257304824,
    0.11119896595353075,
    0.2552067627996796
  ],
  [
    0.14280868150887888,
    0.026325984769845615,
    0.016260186510265336,
    0.07655009609251344,
    0.15157773658047943,
    0.22385657003558193,
    0.06475993497171131,
    0.07539166406516812,
    0.13032494657832136,
    0.09214419888723444
  ],
  [
    0.08890637867207997,
    0.23531761697364428,
    0.1673851471351993,
    0.22196144785632352,
    0.02719698065366419,
    0.0458386754952064,
    0.0003931379007967693,
    0.03766688804760931,
    0.04042489702512654,
    0.13490883024034975
  ],
  [
    0.09719369142375511,
    0.08206813488447366,
    0.0802395446410026,
    0.09863729243850113,
    0.2222225062091348,
    0.04157315169566399,
    0.0695562518388631,
    0.1660878284327457,
    0.12195776161837522,
    0.020463836817484683
  ],
  [
    0.1085088731122346,
    0.142600444400827,
    0.012052419239300529,
    0.15255630060837005,
    0.037422177268577994,
    0.031004413596232322,
    0.17078390379138453,
    0.1678420873166038,
    0.13757826090045902,
    0.03965111976601011
  ],
  [
    0.18226660991160215,
    0.01769589665902945,
    0.17892610891992217,
    0.02463359909724863,
    0.19671096292980847,
    0.12848946304317238,
    0.022477889545476117,
    0.1663432607122383,
    0.05733802613520763,
    0.0251181830462947
  ],
  [
    0.14181683422665636,
    0.15308275301706198,
    0.09584955546528945,
    0.045402471123450264,
    0.12681740235396735,
    0.0358824871972317,
    0.1370212202921126,
    0.05455427248074846,
    0.08377914978862568,
    0.12579385405485602
  ],
  [
    0.12518959792311338,
    0.14841142582573197,
    0.13157702730914894,
    0.0630059232357097,
    0.01665736435582558,
    0.08486022044232436,
    0.10342985614968768,
    0.13340116314639472,
    0.14867093342133084,
    0.044796488190732765
  ],
  [
    0.08476854482969155,
    0.14568868265169696,
    0.09136526106448391,
    0.00955702349210091,
    0.14362232025797636,
    0.10679291676114953,
    0.12151781740257148,
    0.15160746137939815,
    0.08070117794215213,
    0.06437879421877914
  ],
  [
    0.01026147391162042,
    0.12138156563392946,
    0.1306865732822141,
    0.1650908547358894,
    0.00112659782263319,
    0.13222882175160533,
    0.07706562054827147,
    0.12489337936209698,
    0.09474607838885726,
    0.14251903456288234
  ],
  [
    0.16131859771473467,
    0.023157591917966378,
    0.15833935314631856,
    0.028810837416207994,
    0.033886800149833946,
    0.17204101656730691,
    0.12174839554615534,
    0.1505209275234971,
    0.09335014471302085,
    0.05682633530495828
  ],
  [
    0.012202770571458424,
    0.11149827218114694,
    0.05263532253035469,
    0.0015696084392560435,
    0.12613419437080575,
    0.09701809666240138,
    0.010604217924003038,
    0.23561256000282918,
    0.1358412505507756,
    0.21688370676696905
  ],
  [
    0.021487767812227422,
    0.11980768546005134,
    0.17805088819832487,
    0.027632723678437363,
    0.08193868682704995,
    0.19907759268105607,
    0.19563193865027845,
    0.1386881627117907,
    0.011310889476147484,
    0.026373664504636362
  ],
  [
    0.11170544473753635,
    0.07338849436753547,
    0.044491259328747354,
    0.056957231029449086,
    0.024393623128825637,
    0.19010533872462132,
    0.1203628839669963,
    0.10039158727592096,
    0.04898012035111682,
    0.22922401708925058
  ],
  [
    0.11071985123169681,
    0.13899489992307382,
    0.06311286293087598,
    0.10658065068923854,
    0.13127257394350783,
    0.09266907085514726,
    0.03214144269284006,
    0.08561933096649652,
    0.09738643524148956,
    0.1415028815256337
  ],
  [
    0.136018644081211,
    0.16040776202821183,
    0.03914848638743423,
    0.20004451310885105,
    0.01391609343862536,
    0.06511022542180893,
    0.1690053029583708,
    0.020956598557020666,
    0.1294539506763179,
    0.06593842334214826
  ],
  [
    0.04217573170901951,
    0.13122828818918822,
    0.15422635273123655,
    0.17386583155849786,
    0.013297997992190122,
    0.11892579712080388,
    0.04588669280483038,
    0.13457442786215193,
    0.07667917925535285,
    0.10913970077672872
  ],
  [
    0.13892165847195156,
    0.04169678253497733,
    0.12336006044622931,
    0.14815408279932196,
    0.03716215631447278,
    0.19019111981861359,
    0.02993531859181514,
    0.06428307529748023,
    0.0818921238196525,
    0.1444036219054856
  ],
  [
    0.10881939364951732,
    0.12781673061037793,
    0.13355993512911038,
    0.10869200239453307,
    0.08498140210900004,
    0.07721420023522432,
    0.05843453468005782,
    0.10502146658307998,
    0.10179127412528244,
    0.09366906048381686
  ],
  [
    0.019759213657382244,
    0.008352342229924557,
    0.216032880774724,
    0.12986147710356577,
    0.18107437572408402,
    0.06863540402786693,
    0.11302914277883547,
    0.06879233396821159,
    0.04448307783131037,
    0.14997975190409518
  ],
  [
    0.09016282088743882,
    0.10942258285308594,
    0.09136663770166699,
    0.13074815250264193,
    0.05948256194123708,
    0.10705180070024296,
    0.09003182273635332,
    0.11091829292875525,
    0.12879391429470302,
    0.08202141345387462
  ],
  [
    0.04075002510310815,
    0.043521161366855306,
    0.12094556806282551,
    0.04701852915955585,
    0.07644047413638759,
    0.020247622623651117,
    0.1644598240041242,
    0.15270490855111696,
    0.16933399873752947,
    0.16457788825484582
  ],
  [
    0.07250325396663168,
    0.15957264561894405,
    0.09539575269500902,
    0.08390300894612175,
    0.04371729111798308,
    0.16639056861665288,
    0.18644357866179997,
    0.13293776635781415,
    0.0572498515300463,
    0.0018862824889971457
  ],
  [
    0.017799339691466083,
    0.21496798299382266,
    0.21102529700078598,
    0.009410238185063084,
    0.019077365845846343,
    0.1657257665679319,
    0.022166228467838545,
    0.00495689077320312,
    0.11463436053803983,
    0.2202365299360026
  ],
  [
    0.11782287551721594,
    0.12571219502557626,
    0.10565981596330658,
    0.02839693174310797,
    0.0024576823002203795,
    0.08269761201997221,
    0.11072448220325948,
    0.1630219437480548,
    0.1923531780843824,
    0.07115328339490384
  ],
  [
    0.07019271824153422,
    0.11508194149576276,
    0.10327498349274263,
    0.007789861882777776,
    0.12008236493026613,
    0.0775471924146837,
    0.09459752792459714,
    0.1342304352103059,
    0.12695685920747726,
    0.1502461151998526
  ],
  [
    0.04732872498821553,
    0.176967732131761,
    0.023425544962161492,
    0.09834521915263168,
    0.07702000507710435,
    0.10444437430203986,
    0.08359590116265979,
    0.1400546715402798,
    0.10680460134659757,
    0.14201322533654873
  ],
  [
    0.12736438766007088,
    0.1288726584997416,
    0.11184995541299225,
    0.06522040441855413,
    0.07995972602105285,
    0.0802282038190521,
    0.11892919800391075,
    0.10346166731438171,
    0.1110672054135889,
    0.07304659343665486
  ],
  [
    0.07928637943448817,
    0.08396256385760124,
    0.058760055080239654,
    0.1482791816417557,
    0.040826973613644665,
    0.11542216603196807,
    0.07247915600059558,
    0.160848267025441,
    0.1724353788365235,
    0.06769987847774248
  ],
  [
    0.06816689102334218,
    0.20984517830909907,
    0.0006164833807067415,
    0.0928683988669952,
    0.13194270371375025,
    0.035757780897501215,
    0.07719844227740963,
    0.1302141635330581,
    0.1800577083031431,
    0.07333224969499447
  ],
  [
    0.1863873218897707,
    0.019254499291191867,
    0.06390620038825146,
    0.05379479995478122,
    0.16187691830354176,
    0.160825519047368,
    0.12196836923141867,
    0.016860026578024673,
    0.13429646798740438,
    0.08082987732824741
  ],
  [
    0.10231192313711956,
    0.0865309313577974,
    0.20345422501640795,
    0.07582684793203966,
    0.10538258198994074,
    0.033672040390856875,
    0.07491246933859895,
    0.12555920692918168,
    0.18680194747531265,
    0.005547826432744667
  ],
  [
    0.08445377987751773,
    0.12253759985119443,
    0.08703469126648374,
    0.18827706433150568,
    0.04122034680866623,
    0.002951582403854606,
    0.05678219033781262,
    0.17171271204119432,
    0.14897014453207438,
    0.09605988854969624
  ],
  [
    0.21080855860078432,
    0.10196707795346728,
    0.10299839764423327,
    0.014052358385326816,
    0.1180622156184313,
    0.18718349153323097,
    0.21579773031559996,
    0.011515761441524611,
    0.03004042576382563,
    0.007573982743576109
  ],
  [
    0.03759718790713652,
    0.09183824401022445,
    0.1486089178350571,
    0.026500117272491436,
    0.00795493353163733,
    0.11177633109770752,
    0.14448507087828016,
    0.16083330288225464,
    0.12308673517909981,
    0.1473191594061109
  ],
  [
    0.08042343405506513,
    0.06685443419213706,
    0.1091049317574864,
    0.06300480059228146,
    0.11679463075407026,
    0.11915984464058374,
    0.13907659574754203,
    0.15926844867344678,
    0.08759295669824982,
    0.058719922889137355
  ],
  [
    0.10454232368558955,
    0.06338904563105532,
    0.08001006155088726,
    0.1476772148225322,
    0.18334975181960544,
    0.039507225696865975,
    0.10331368709544397,
    0.14069514661708,
    0.11830185120723907,
    0.019213691873701255
  ],
  [
    0.04772933673631039,
    0.01574024417080584,
    0.05991412865337536,
    0.00048530705790800406,
    0.1518121722270443,
    0.051283459163385295,
    0.15347793668495965,
    0.2193857471555899,
    0.2202641220119781,
    0.07990754613864313
  ],
  [
    0.10990165735816844,
    0.10163614978158159,
    0.0726385999895877,
    0.10452325227120228,
    0.1312375705466594,
    0.16907080898495774,
    0.04862228246798172,
    0.03299957898198233,
    0.1269793395244811,
    0.1023907600933978
  ],
  [
    0.1503810708773846,
    0.18737601526353048,
    0.11845693894320744,
    0.10411514494911603,
    0.04218858758867722,
    0.05008356730621612,
    0.1558776942629389,
    0.031525974649752125,
    0.0019019825621613647,
    0.1580930235970157
  ],
  [
    0.15548186028925232,
    0.09627432628407485,
    0.13359235743454345,
    0.02226393805612698,
    0.026070799196215792,
    0.15153231917384247,
    0.1532068585658873,
    0.08691866186315952,
    0.15177305531925125,
    0.02288582381764606
  ],
  [
    0.09094926885496074,
    0.043348431804990185,
    0.1781750046326115,
    0.16693993990710365,
    0.005012635209086335,
    0.1521412448776279,
    0.10101832809373049,
    0.14420465735388477,
    0.02320273390868937,
    0.09500775535731505
  ],
  [
    0.17666129859083102,
    0.06838016442574978,
    0.15753060862670687,
    0.06600022861476261,
    0.09797728680125702,
    0.08887300311871675,
    0.14244381580235693,
    0.022679848119689976,
    0.17254473859836314,
    0.00690900730156588
  ],
  [
    0.029038715706369577,
    0.04614653495422572,
    0.04913227170396308,
    0.057327830202508576,
    0.15335010143731986,
    0.2018769817703606,
    0.16793820980317475,
    0.016946245422376726,
    0.0898958198594957,
    0.18834728914020535
  ],
  [
    0.07757335638109358,
    0.05537959487177356,
    0.04826896696533509,
    0.05742027032745535,
    0.21943986986159722,
    0.21285519868348704,
    0.031044296528483086,
    0.038643573785712926,
    0.06346023269584604,
    0.19591463989921598
  ],
  [
    0.09821075567976627,
    0.021203516173397864,
    0.13259295267548712,
    0.12035011594533215,
    0.1063603902340229,
    0.14673679334699846,
    0.09661714314838758,
    0.06525111028613863,
    0.061984071531982855,
    0.15069315097848607
  ],
  [
    0.13900615225482887,
    0.20118507773214703,
    0.11926664873167303,
    0.009493608660973535,
    0.15205309676750695,
    0.0010029731404070973,
    0.05659443758202381,
    0.002553961840771771,
    0.16296693936647344,
    0.15587710392319443
  ],
  [
    0.058614972801366745,
    0.1270677710775206,
    0.17651097794504375,
    0.13441338052167923,
    0.06839692324873985,
    0.010028345269983686,
    0.12849186730502316,
    0.09436542265717733,
    0.055741493551358164,
    0.1463688456221075
  ],
  [
    0.08596368225155844,
    0.050218373588419296,
    0.1796317553022539,
    0.08664806081280346,
    0.027043575903566756,
    0.12143164006716135,
    0.11145128804137107,
    0.07674388346526219,
    0.1516826733185526,
    0.10918506724905103
  ],
  [
    0.07416323696361124,
    0.09018081832188717,
    0.13357158658719753,
    0.13874343267709457,
    0.12393895064346297,
    0.11461499836338356,
    0.1415168271451014,
    0.07943206148584499,
    0.005179837282527467,
    0.09865825052988918
  ],
  [
    0.0944601367016149,
    0.13598391980409297,
    0.08263240508669711,
    0.028118439592400832,
    0.16123473756185436,
    0.04861077813759685,
    0.019260741579704765,
    0.14031858912360062,
    0.17086098946535883,
    0.1185192629470787
  ],
  [
    0.07069456944225354,
    0.11843084419652437,
    0.1872484057138409,
    0.12050632703137594,
    0.025089070248960565,
    0.10083763363490486,
    0.05122197978875033,
    0.1781425014273141,
    0.1391158677957643,
    0.008712800720310972
  ],
  [
    0.05629736229456229,
    0.058011476876919925,
    0.023213256814143286,
    0.0205405040064515,
    0.07959272682073726,
    0.2610419923280885,
    0.1395022151563246,
    0.18885302220850717,
    0.168105367282631,
    0.004842076211634465
  ],
  [
    0.08589782310375275,
    0.11161683660405042,
    0.054421782608640494,
    0.07720976250202166,
    0.061261910420515535,
    0.0463203991007531,
    0.182137676639961,
    0.18453087778088995,
    0.17951195207534298,
    0.017090979164071977
  ],
  [
    0.09294278145794696,
    0.08110955604485423,
    0.004121839161606714,
    0.03257125987390279,
    0.17039311682581282,
    0.07668591469765206,
    0.22936619214149626,
    0.10302855666423603,
    0.012642044309010987,
    0.1971387388234812
  ],
  [
    0.12975770306181217,
    0.03385840555650716,
    0.015387827381241125,
    0.22790899075685758,
    0.05586443619124949,
    0.045237335466195544,
    0.1003782061063342,
    0.21624142524467851,
    0.02567376265202824,
    0.14969190758309595
  ],
  [
    0.11325980390805446,
    0.134358417232347,
    0.03909964270195252,
    0.025007262849167003,
    0.11592066378639657,
    0.10853369925911867,
    0.18091190080573802,
    0.0448933279702175,
    0.1881714881536935,
    0.04984379333331471
  ],
  [
    0.01798955685176453,
    0.14896587954114604,
    0.18113195172555374,
    0.17081417545916325,
    0.07819580195839092,
    0.011202629364982713,
    0.08841152360093629,
    0.08909869694163615,
    0.13751370967175922,
    0.07667607488466713
  ],
  [
    0.18711307484563988,
    0.15191012223549574,
    0.025063004581643875,
    0.06380742958765849,
    0.1712698478048132,
    0.03407316734082358,
    0.03988299336785753,
    0.05123382509665679,
    0.11262806162923439,
    0.16301847351017668
  ],
  [
    0.00027203321019909595,
    0.06158300508781876,
    0.08495441696149927,
    0.18112940083591433,
    0.08095410660359924,
    0.19374368607674278,
    0.09335103918264158,
    0.03285988782424528,
    0.09385883495261658,
    0.1772935892647232
  ],
  [
    0.09179235036850619,
    0.005236897229049838,
    0.144322206458026,
    0.03790595802080123,
    0.23724514135739716,
    0.09812679416658703,
    0.15952179726138016,
    0.027853963901385347,
    0.10039984288630033,
    0.09759504835056686
  ],
  [
    0.05271115798662615,
    0.07430248142583927,
    0.040979738457680374,
    0.15995282804735766,
    0.15840730062536967,
    0.16327662420907527,
    0.1581408849156302,
    0.005700567074249366,
    0.02535894711446747,
    0.1611694701437046
  ],
  [
    0.02952312333795699,
    0.05754106293573793,
    0.2138353501217014,
    0.22016684481169585,
    0.048729883038495084,
    0.2392683606249866,
    0.013714026256194936,
    0.09839874721858224,
    0.054634219338099456,
    0.024188382316549507
  ],
  [
    0.11766728595838265,
    0.17671314377697622,
    0.09416915495955354,
    0.10973364975931614,
    0.04149475937282029,
    0.17609219602064624,
    0.07619477854148317,
    0.03570082058963903,
    0.16502801749587637,
    0.007206193525306155
  ],
  [
    0.018259132587316075,
    0.1588609437804034,
    0.0049658842443930954,
    0.1544805495828637,
    0.17362063246850998,
    0.033043745977312494,
    0.1636520470347849,
    0.1914161277049677,
    0.07826376397714038,
    0.023437172642308417
  ],
  [
    0.12833427013098067,
    0.070828224827696,
    0.08880531450101055,
    0.1417593009791264,
    0.18983698514908795,
    0.028383732656571466,
    0.05905931138041645,
    0.07727441415219842,
    0.15994281911192396,
    0.05577562711098833
  ],
  [
    0.008368772501346688,
    0.15093736110592976,
    0.015702345159262786,
    0.13858164167882667,
    0.13361018866402488,
    0.14903968663129719,
    0.06478902113545061,
    0.09821118503138722,
    0.11138756114963731,
    0.1293722369428368
  ],
  [
    0.0758741896322639,
    0.07186858728868374,
    0.16385532954756002,
    0.13413212746897094,
    0.09957256565647678,
    0.16992048246107666,
    0.10816486975984088,
    0.07483650370104385,
    0.08061006864468215,
    0.021165275839401143
  ],
  [
    0.1739935398026476,
    0.018888475858093244,
    0.1979429199274888,
    0.03804109711228788,
    0.09064827379574254,
    0.04972603555437098,
    0.029674059392578667,
    0.20265724923972017,
    0.1271280612597165,
    0.07130028805735354
  ],
  [
    0.08146983073087388,
    0.02580098551142564,
    0.18312745456006058,
    0.02223379962816158,
    0.08543663388558718,
    0.06530566406221582,
    0.2059143603258897,
    0.007390354144099218,
    0.03062548594262473,
    0.29269543120906166
  ],
  [
    0.05769950001291354,
    0.13271426540420506,
    0.06296399183722363,
    0.08481785904908491,
    0.14619824439212387,
    0.1552980053101549,
    0.09830409910024493,
    0.04657402000019112,
    0.07502097163719157,
    0.14040904325666653
  ],
  [
    0.03510212532749908,
    0.08105256715456773,
    0.09119839450206302,
    0.1546228607120043,
    0.06279660062697984,
    0.1302069413831991,
    0.1415957840335081,
    0.0003154082560910608,
    0.12822302864916799,
    0.17488628935491976
  ],
  [
    0.028693715155631103,
    0.11164658561756396,
    0.1822436179896254,
    0.200056540728332,
    0.154034200448343,
    0.08700110418374837,
    0.06447482307113987,
    0.008034578464516547,
    0.09693938848931097,
    0.06687544585178885
  ]
]